2
2
...........00000.............0.....
............00000......0000........
...........0000..............0.....
............00000......00000.......
4
0
1
1
0
3
1


4
3
.............0.............0........
..............0.............0.......
...............0.............0......
................0..........0000.....
6
0
0
1
0
1
1
0
2
1
0
3
1


2
1
................000000000........00000........000.............00.
.0.0..................000....000......0.0..................00000.
....000.........0.0...000................000............000000.0.
............0.000000...........0000...............0.0.....000000.
1
0
1
1
0
2
1